|name      |ra     |dec   |
|ABELL3299 |04 10.7|-88 44|
|ABELL2757 |00 15.8|-88 10|
|ABELL3710 |21 05.9|-87 47|
|ABELL3763 |21 38.1|-87 12|
|ABELL3595 |14 32.4|-86 55|
|ABELL3650 |20 07.1|-86 48|
|ABELL3625 |16 13.0|-86 48|
|ABELL3801 |21 55.5|-86 45|
|ABELL3333 |04 59.5|-86 42|
|ABELL973S |21 55.9|-86 25|
|ABELL860S |20 29.8|-86 11|
|ABELL1091S|23 13.4|-85 57|
|ABELL791S |17 10.5|-85 54|
|ABELL3037 |02 28.8|-85 50|
|ABELL480S |04 24.9|-85 48|
|ABELL389S |03 35.9|-85 37|
|ABELL785S |15 44.5|-85 26|
|ABELL4023 |23 40.3|-85 12|
|ABELL994S |22 12.9|-85 06|
|ABELL607S |07 49.1|-85 05|
|ABELL3779 |21 39.9|-85 02|
|ABELL934S |21 27.5|-85 01|
|ABELL605S |07 22.7|-84 58|
|ABELL3762 |21 31.4|-84 49|
|ABELL1009S|22 23.8|-84 48|
|ABELL103S |00 53.1|-84 44|
|ABELL3913 |22 50.3|-84 22|
|ABELL787S |16 04.6|-84 21|
|ABELL1061S|22 49.9|-84 08|
|ABELL21S  |00 15.9|-84 04|
|ABELL949S |21 36.3|-83 56|
|ABELL107S |00 54.4|-83 52|
|ABELL3626 |16 21.6|-83 47|
|ABELL3624 |15 56.7|-83 29|
|ABELL955S |21 39.5|-83 20|
|ABELL837S |20 06.9|-83 20|
|ABELL788S |16 03.4|-83 11|
|ABELL833S |20 04.3|-83 06|
|ABELL789S |16 15.6|-82 57|
|ABELL825S |19 48.1|-82 50|
|ABELL3728 |21 05.2|-82 44|
|ABELL2793 |00 35.2|-82 35|
|ABELL3629 |16 39.2|-82 28|
|ABELL809S |19 12.6|-82 23|
|ABELL807S |19 06.3|-82 17|
|ABELL3655 |20 06.0|-82 14|
|ABELL405S |03 51.5|-82 13|
|ABELL792S |17 05.4|-82 11|
|ABELL3741 |21 11.2|-82 09|
|ABELL3786 |21 38.5|-82 03|
|ABELL240S |02 13.1|-82 00|
|ABELL2727 |00 07.4|-82 00|
|ABELL3454 |10 47.6|-81 50|
|ABELL211S |01 55.3|-81 23|
|ABELL1122S|23 26.8|-81 19|
|ABELL793S |17 16.0|-81 12|
|ABELL158S |01 24.9|-81 05|
|ABELL128S |01 06.1|-81 00|
|ABELL30S  |00 19.7|-80 49|
|ABELL3666 |20 16.2|-80 47|
|ABELL3664 |20 14.0|-80 39|
|ABELL870S |20 29.7|-80 37|
|ABELL3615 |15 02.9|-80 33|
|ABELL2837 |00 52.7|-80 15|
|ABELL1014S|22 24.2|-80 10|
|ABELL3644 |19 46.6|-79 58|
|ABELL798S |18 03.9|-79 45|
|ABELL609S |08 10.1|-79 38|
|ABELL276S |02 29.3|-79 34|
|ABELL3640 |19 34.9|-79 34|
|ABELL104S |00 54.7|-79 33|
|ABELL4057 |23 56.5|-79 25|
|ABELL322S |03 02.7|-79 23|
|ABELL2957 |01 55.9|-79 16|
|ABELL3066 |02 51.4|-79 03|
|ABELL4052 |23 54.1|-78 59|
|ABELL3206 |03 58.0|-78 55|
|ABELL1131S|23 30.9|-78 50|
|ABELL3631 |18 34.1|-78 47|
|ABELL1024S|22 27.5|-78 45|
|ABELL3220 |04 03.9|-78 40|
|ABELL2953 |01 52.1|-78 40|
|ABELL209S |01 55.8|-78 28|
|ABELL3748 |21 12.2|-78 13|
|ABELL3684 |20 33.0|-78 05|
|ABELL862S |20 22.7|-77 58|
|ABELL800S |18 28.2|-77 10|
|ABELL2723 |00 07.0|-77 08|
|ABELL875S |20 30.4|-77 02|
|ABELL926S |21 15.7|-76 55|
|ABELL3761 |21 25.9|-76 35|
|ABELL586S |06 20.4|-76 33|
|ABELL872S |20 28.9|-76 29|
|ABELL795S |17 33.2|-76 22|
|ABELL1093S|23 11.3|-76 10|
|ABELL3630 |16 39.7|-75 59|
|ABELL796S |17 53.2|-75 27|
|ABELL810S |19 12.7|-75 18|
|ABELL3628 |16 31.0|-75 10|
|ABELL428S |04 06.7|-75 01|
|ABELL1105S|23 17.7|-75 01|
|ABELL380S |03 41.1|-75 00|
|ABELL445S |04 19.6|-74 41|
|ABELL3405 |06 45.7|-74 41|
|ABELL3986 |23 17.2|-74 40|
|ABELL995S |22 09.6|-74 27|
|ABELL350S |03 22.2|-74 19|
|ABELL3942 |22 57.1|-74 08|
|ABELL1114S|23 21.4|-74 00|
|ABELL1149S|23 47.6|-74 00|
|ABELL3186 |03 52.3|-74 00|
|ABELL1104S|23 17.6|-73 54|
|ABELL1058S|22 47.1|-73 43|
|ABELL3637 |19 17.0|-73 42|
|ABELL3988 |23 17.5|-73 35|
|ABELL176S |01 36.6|-73 34|
|ABELL1027S|22 28.4|-73 32|
|ABELL603S |07 08.4|-73 30|
|ABELL893S |20 45.3|-73 25|
|ABELL1097S|23 12.4|-73 19|
|ABELL3992 |23 20.4|-73 17|
|ABELL485S |04 37.6|-73 09|
|ABELL3932 |22 54.0|-72 59|
|ABELL191S |01 45.0|-72 57|
|ABELL3768 |21 28.9|-72 53|
|ABELL803S |18 33.3|-72 52|
|ABELL960S |21 39.4|-72 48|
|ABELL3799 |21 41.6|-72 43|
|ABELL3780 |21 34.5|-72 41|
|ABELL1062S|22 48.2|-72 35|
|ABELL932S |21 21.0|-72 18|
|ABELL327S |03 09.4|-72 06|
|ABELL980S |21 56.1|-72 02|
|ABELL953S |21 34.4|-72 02|
|ABELL799S |18 22.2|-71 59|
|ABELL3117 |03 19.1|-71 58|
|ABELL3916 |22 48.3|-71 55|
|ABELL3865 |22 21.0|-71 54|
|ABELL902S |20 51.5|-71 53|
|ABELL3136 |03 32.2|-71 49|
|ABELL3931 |22 53.6|-71 33|
|ABELL4066 |23 58.9|-71 30|
|ABELL2954 |01 54.5|-71 28|
|ABELL3143 |03 35.2|-71 28|
|ABELL1030S|22 30.4|-71 26|
|ABELL818S |19 33.4|-71 25|
|ABELL303S |02 48.6|-71 22|
|ABELL1057S|22 46.1|-71 19|
|ABELL3701 |20 40.0|-71 16|
|ABELL3760 |21 23.3|-70 32|
|ABELL3121 |03 20.5|-70 29|
|ABELL3679 |20 29.3|-70 24|
|ABELL3155 |03 40.3|-70 05|
|ABELL4S   |00 03.8|-69 59|
|ABELL1081S|23 02.7|-69 49|
|ABELL20S  |00 16.5|-69 43|
|ABELL3995 |23 21.6|-69 41|
|ABELL1038S|22 35.1|-69 40|
|ABELL986S |22 02.4|-69 38|
|ABELL3149 |03 37.0|-69 35|
|ABELL3680 |20 29.9|-69 31|
|ABELL4024 |23 39.8|-69 29|
|ABELL4060 |23 57.1|-69 28|
|ABELL198S |01 50.4|-69 26|
|ABELL27S  |00 19.0|-69 26|
|ABELL432S |04 12.6|-69 22|
|ABELL4016 |23 34.9|-69 19|
|ABELL4020 |23 37.9|-69 17|
|ABELL2789 |00 33.3|-69 15|
|ABELL392S |03 45.9|-69 14|
|ABELL3103 |03 12.9|-69 11|
|ABELL171S |01 35.1|-69 05|
|ABELL58S  |00 28.3|-69 01|
|ABELL3879 |22 27.8|-69 01|
|ABELL2775 |00 25.7|-68 56|
|ABELL4007 |23 28.6|-68 55|
|ABELL75S  |00 45.6|-68 49|
|ABELL3776 |21 32.7|-68 44|
|ABELL172S |01 35.6|-68 39|
|ABELL450S |04 23.1|-68 38|
|ABELL1078S|23 00.5|-68 37|
|ABELL4047 |23 50.6|-68 26|
|ABELL331S |03 12.3|-68 25|
|ABELL1087S|23 07.0|-68 24|
|ABELL409S |03 57.5|-68 20|
|ABELL24S  |00 18.2|-68 10|
|ABELL236S |02 14.3|-68 09|
|ABELL3119 |03 19.9|-68 05|
|ABELL2714 |00 02.5|-68 03|
|ABELL3979 |23 13.3|-67 58|
|ABELL3662 |20 08.1|-67 54|
|ABELL19S  |00 15.5|-67 50|
|ABELL2735 |00 11.7|-67 48|
|ABELL598S |06 48.8|-67 48|
|ABELL4040 |23 48.3|-67 47|
|ABELL164S |01 32.9|-67 46|
|ABELL3990 |23 18.8|-67 46|
|ABELL804S |18 37.2|-67 45|
|ABELL131S |01 09.2|-67 43|
|ABELL8S   |00 06.9|-67 40|
|ABELL31S  |00 20.4|-67 40|
|ABELL4050 |23 52.2|-67 40|
|ABELL3982 |23 14.5|-67 35|
|ABELL2859 |01 02.2|-67 34|
|ABELL3974 |23 08.1|-67 28|
|ABELL29S  |00 19.4|-67 23|
|ABELL254S |02 23.2|-67 21|
|ABELL299S |02 47.8|-67 16|
|ABELL3789 |21 38.2|-67 15|
|ABELL913S |21 00.6|-67 07|
|ABELL34S  |00 22.3|-67 04|
|ABELL349S |03 22.9|-67 00|
|ABELL3021 |02 26.9|-67 00|
|ABELL826S |19 44.3|-66 59|
|ABELL2864 |01 04.7|-66 55|
|ABELL1166S|23 59.7|-66 54|
|ABELL467S |04 30.2|-66 54|
|ABELL3781 |21 34.6|-66 50|
|ABELL112S |00 58.4|-66 48|
|ABELL984S |22 01.7|-66 42|
|ABELL991S |22 05.9|-66 41|
|ABELL794S |17 28.6|-66 41|
|ABELL3035 |02 35.9|-66 36|
|ABELL311S |02 54.4|-66 24|
|ABELL3722 |20 58.5|-66 22|
|ABELL4017 |23 35.1|-66 22|
|ABELL355S |03 28.0|-66 21|
|ABELL2737 |00 12.0|-66 20|
|ABELL285S |02 35.1|-66 18|
|ABELL1148S|23 46.6|-66 13|
|ABELL843S |20 06.7|-66 11|
|ABELL2746 |00 14.2|-66 04|
|ABELL3080 |03 00.5|-66 03|
|ABELL382S |03 43.3|-66 00|
|ABELL3994 |23 21.1|-66 00|
|ABELL282S |02 34.3|-65 58|
|ABELL417S |04 03.7|-65 57|
|ABELL2770 |00 24.2|-65 55|
|ABELL97S  |00 54.5|-65 51|
|ABELL2875 |01 08.2|-65 42|
|ABELL57S  |00 28.3|-65 41|
|ABELL2774 |00 25.5|-65 40|
|ABELL33S  |00 22.3|-65 39|
|ABELL841S |20 05.6|-65 37|
|ABELL3219 |04 06.0|-65 36|
|ABELL3092 |03 08.1|-65 34|
|ABELL2760 |00 19.2|-65 33|
|ABELL797S |17 52.4|-65 29|
|ABELL982S |21 58.4|-65 27|
|ABELL4002 |23 24.9|-65 20|
|ABELL856S |20 12.6|-65 14|
|ABELL4062 |23 57.7|-65 13|
|ABELL3216 |04 04.1|-65 12|
|ABELL18S  |00 14.2|-65 10|
|ABELL212S |01 58.9|-65 04|
|ABELL3248 |04 21.0|-65 02|
|ABELL411S |04 00.8|-64 58|
|ABELL3389 |06 21.8|-64 57|
|ABELL585S |06 22.4|-64 55|
|ABELL82S  |00 48.3|-64 54|
|ABELL241S |02 17.8|-64 49|
|ABELL3241 |04 16.9|-64 47|
|ABELL846S |20 08.4|-64 45|
|ABELL42S  |00 25.5|-64 43|
|ABELL3061 |02 51.0|-64 43|
|ABELL910S |20 57.4|-64 39|
|ABELL2899 |01 19.7|-64 39|
|ABELL3231 |04 11.9|-64 36|
|ABELL348S |03 23.0|-64 33|
|ABELL378S |03 40.2|-64 33|
|ABELL396S |03 48.0|-64 33|
|ABELL79S  |00 47.4|-64 31|
|ABELL2761 |00 19.3|-64 31|
|ABELL976S |21 49.4|-64 30|
|ABELL2796 |00 36.7|-64 28|
|ABELL3810 |21 48.1|-64 28|
|ABELL2732 |00 10.2|-64 26|
|ABELL4033 |23 46.3|-64 25|
|ABELL210S |01 57.6|-64 23|
|ABELL3921 |22 49.8|-64 23|
|ABELL23S  |00 18.0|-64 21|
|ABELL1156S|23 50.3|-64 20|
|ABELL25S  |00 18.9|-64 17|
|ABELL169S |01 34.2|-64 14|
|ABELL362S |03 32.8|-64 14|
|ABELL1159S|23 53.6|-64 14|
|ABELL1022S|22 25.3|-64 14|
|ABELL2821 |00 47.9|-64 11|
|ABELL1116S|23 22.7|-64 05|
|ABELL3018 |02 26.0|-64 01|
|ABELL594S |06 41.8|-63 57|
|ABELL406S |03 57.6|-63 56|
|ABELL257S |02 23.7|-63 51|
|ABELL3251 |04 22.6|-63 48|
|ABELL413S |04 02.7|-63 47|
|ABELL4028 |23 43.2|-63 47|
|ABELL3652 |19 52.8|-63 44|
|ABELL1054S|22 40.1|-63 42|
|ABELL3230 |04 11.6|-63 41|
|ABELL3010 |02 21.7|-63 41|
|ABELL262S |02 25.4|-63 36|
|ABELL816S |19 31.4|-63 35|
|ABELL937S |21 21.6|-63 35|
|ABELL3242 |04 17.2|-63 35|
|ABELL2819 |00 45.8|-63 35|
|ABELL3401 |06 40.7|-63 27|
|ABELL805S |18 47.2|-63 19|
|ABELL261S |02 25.2|-63 13|
|ABELL2740 |00 12.7|-63 12|
|ABELL56S  |00 28.3|-63 10|
|ABELL990S |22 05.6|-63 08|
|ABELL1154S|23 49.5|-63 06|
|ABELL3097 |03 12.0|-63 06|
|ABELL943S |21 26.2|-63 02|
|ABELL3983 |23 14.5|-63 02|
|ABELL3687 |20 33.4|-63 01|
|ABELL582S |06 20.1|-62 55|
|ABELL954S |21 34.9|-62 54|
|ABELL3393 |06 25.7|-62 53|
|ABELL194S |01 48.0|-62 52|
|ABELL3191 |03 57.0|-62 49|
|ABELL567S |06 06.1|-62 48|
|ABELL3907 |22 45.4|-62 48|
|ABELL3884 |22 31.6|-62 48|
|ABELL4036 |23 47.2|-62 46|
|ABELL4051 |23 53.5|-62 44|
|ABELL3294 |04 51.8|-62 44|
|ABELL3229 |04 11.1|-62 43|
|ABELL2797 |00 37.0|-62 39|
|ABELL2785 |00 31.1|-62 39|
|ABELL3398 |06 35.5|-62 37|
|ABELL3147 |03 37.2|-62 35|
|ABELL381S |03 43.5|-62 33|
|ABELL1053S|22 39.9|-62 29|
|ABELL500S |04 46.7|-62 27|
|ABELL967S |21 45.1|-62 25|
|ABELL2826 |00 49.6|-62 25|
|ABELL3898 |22 40.4|-62 24|
|ABELL4006 |23 27.6|-62 24|
|ABELL65S  |00 40.4|-62 23|
|ABELL3924 |22 51.9|-62 21|
|ABELL248S |02 20.2|-62 21|
|ABELL460S |04 27.4|-62 18|
|ABELL143S |01 15.6|-62 16|
|ABELL183S |01 42.8|-62 15|
|ABELL1144S|23 45.0|-62 14|
|ABELL3935 |22 54.3|-62 07|
|ABELL1011S|22 20.0|-62 05|
|ABELL1001S|22 12.5|-62 04|
|ABELL196S |01 48.2|-62 02|
|ABELL3782 |21 34.5|-62 01|
|ABELL511S |05 07.1|-61 59|
|ABELL1003S|22 13.4|-61 55|
|ABELL309S |02 53.8|-61 53|
|ABELL869S |20 25.9|-61 48|
|ABELL3287 |04 43.1|-61 42|
|ABELL312S |02 54.8|-61 42|
|ABELL3362 |05 40.9|-61 42|
|ABELL408S |03 58.2|-61 41|
|ABELL185S |01 43.4|-61 39|
|ABELL3642 |19 36.5|-61 37|
|ABELL3830 |22 03.7|-61 35|
|ABELL137S |01 11.8|-61 32|
|ABELL859S |20 16.8|-61 31|
|ABELL387S |03 46.2|-61 29|
|ABELL3266 |04 31.2|-61 28|
|ABELL4001 |23 23.4|-61 27|
|ABELL429S |04 08.8|-61 26|
|ABELL3703 |20 40.0|-61 20|
|ABELL524S |05 20.4|-61 17|
|ABELL225S |02 07.1|-61 12|
|ABELL1007S|22 17.3|-61 08|
|ABELL2810 |00 41.5|-61 05|
|ABELL3954 |23 01.0|-61 03|
|ABELL3941 |22 55.9|-60 56|
|ABELL3923 |22 50.0|-60 55|
|ABELL819S |19 32.6|-60 54|
|ABELL3627 |16 15.5|-60 54|
|ABELL3976 |23 08.4|-60 51|
|ABELL426S |04 08.5|-60 49|
|ABELL415S |04 03.7|-60 48|
|ABELL3244 |04 18.6|-60 48|
|ABELL2728 |00 08.0|-60 47|
|ABELL3906 |22 45.1|-60 46|
|ABELL3971 |23 06.0|-60 41|
|ABELL4067 |23 59.0|-60 40|
|ABELL2882 |01 12.0|-60 38|
|ABELL3967 |23 05.6|-60 38|
|ABELL561S |06 00.9|-60 35|
|ABELL3927 |22 52.6|-60 34|
|ABELL3825 |21 58.4|-60 23|
|ABELL3940 |22 55.4|-60 21|
|ABELL3914 |22 47.5|-60 21|
|ABELL3261 |04 29.3|-60 19|
|ABELL371S |03 36.9|-60 14|
|ABELL3957 |23 02.2|-60 10|
|ABELL600S |06 55.5|-60 09|
|ABELL3966 |23 05.6|-60 06|
|ABELL425S |04 08.0|-60 04|
|ABELL2792 |00 35.9|-60 01|
|ABELL4064 |23 58.6|-59 59|
|ABELL3891 |22 37.8|-59 58|
|ABELL3827 |22 01.7|-59 56|
|ABELL558S |05 58.0|-59 51|
|ABELL157S |01 25.8|-59 42|
|ABELL541S |05 40.2|-59 42|
|ABELL880S |20 34.2|-59 41|
|ABELL3272 |04 32.6|-59 41|
|ABELL3919 |22 49.3|-59 40|
|ABELL996S |22 09.3|-59 40|
|ABELL1168S|00 00.4|-59 39|
|ABELL280S |02 34.3|-59 37|
|ABELL3225 |04 09.3|-59 36|
|ABELL410S |03 58.6|-59 35|
|ABELL153S |01 20.8|-59 33|
|ABELL537S |05 34.2|-59 24|
|ABELL927S |21 17.0|-59 24|
|ABELL94S  |00 53.7|-59 15|
|ABELL284S |02 35.3|-59 09|
|ABELL259S |02 25.1|-59 03|
|ABELL813S |19 29.4|-58 59|
|ABELL369S |03 35.7|-58 57|
|ABELL401S |03 55.2|-58 57|
|ABELL3947 |22 58.2|-58 44|
|ABELL3099 |03 13.3|-58 42|
|ABELL3975 |23 08.0|-58 40|
|ABELL560S |06 00.7|-58 36|
|ABELL3890 |22 37.3|-58 34|
|ABELL205S |01 55.2|-58 32|
|ABELL3334 |05 18.0|-58 32|
|ABELL184S |01 43.2|-58 25|
|ABELL3981 |23 13.5|-58 25|
|ABELL80S  |00 48.1|-58 24|
|ABELL3871 |22 22.8|-58 20|
|ABELL208S |01 57.4|-58 19|
|ABELL883S |20 36.1|-58 18|
|ABELL3939 |22 55.1|-58 11|
|ABELL2951 |01 53.3|-58 10|
|ABELL161S |01 30.4|-58 09|
|ABELL988S |22 04.5|-58 07|
|ABELL3106 |03 14.5|-58 05|
|ABELL430S |04 10.2|-57 59|
|ABELL3278 |04 35.7|-57 59|
|ABELL4019 |23 36.4|-57 55|
|ABELL274S |02 31.2|-57 55|
|ABELL888S |20 39.6|-57 51|
|ABELL3822 |21 54.1|-57 50|
|ABELL608S |08 04.2|-57 45|
|ABELL354S |03 27.8|-57 43|
|ABELL3298 |04 58.3|-57 41|
|ABELL920S |21 06.6|-57 39|
|ABELL3867 |22 21.3|-57 39|
|ABELL3051 |02 46.1|-57 38|
|ABELL885S |20 36.5|-57 37|
|ABELL126S |01 06.8|-57 35|
|ABELL857S |20 13.6|-57 28|
|ABELL3991 |23 18.9|-57 25|
|ABELL93S  |00 53.3|-57 24|
|ABELL2876 |01 09.1|-57 17|
|ABELL881S |20 35.5|-57 17|
|ABELL3806 |21 46.6|-57 17|
|ABELL3875 |22 26.1|-57 13|
|ABELL288S |02 36.8|-57 08|
|ABELL1035S|22 33.8|-57 08|
|ABELL998S |22 10.6|-57 07|
|ABELL552S |05 51.1|-57 06|
|ABELL3860 |22 20.0|-57 05|
|ABELL3647 |19 44.4|-57 03|
|ABELL3164 |03 45.8|-57 02|
|ABELL170S |01 34.6|-57 00|
|ABELL587S |06 23.9|-56 59|
|ABELL2731 |00 10.2|-56 59|
|ABELL45S  |00 25.7|-56 58|
|ABELL3645 |19 43.8|-56 56|
|ABELL3697 |20 36.6|-56 55|
|ABELL3312 |05 03.9|-56 55|
|ABELL412S |04 01.7|-56 53|
|ABELL3667 |20 12.5|-56 48|
|ABELL2820 |00 47.7|-56 46|
|ABELL854S |20 11.4|-56 44|
|ABELL2888 |01 14.3|-56 43|
|ABELL323S |03 08.7|-56 39|
|ABELL2897 |01 18.2|-56 38|
|ABELL3320 |05 08.0|-56 30|
|ABELL298S |02 47.1|-56 29|
|ABELL1020S|22 24.3|-56 28|
|ABELL188S |01 45.1|-56 26|
|ABELL3685 |20 32.2|-56 25|
|ABELL979S |21 53.3|-56 23|
|ABELL3946 |22 57.9|-56 21|
|ABELL941S |21 24.4|-56 19|
|ABELL3210 |04 02.6|-56 17|
|ABELL3950 |22 59.9|-56 13|
|ABELL522S |05 18.4|-56 13|
|ABELL530S |05 26.2|-56 13|
|ABELL958S |21 36.3|-56 11|
|ABELL3826 |21 59.9|-56 09|
|ABELL2806 |00 40.2|-56 09|
|ABELL3019 |02 26.6|-56 07|
|ABELL1145S|23 45.5|-56 02|
|ABELL3031 |02 31.5|-56 01|
|ABELL3689 |20 33.8|-56 00|
|ABELL4027 |23 41.7|-55 58|
|ABELL840S |20 03.4|-55 57|
|ABELL1158S|23 52.1|-55 56|
|ABELL195S |01 48.4|-55 52|
|ABELL482S |04 38.1|-55 52|
|ABELL1023S|22 25.6|-55 49|
|ABELL3973 |23 07.7|-55 45|
|ABELL2903 |01 21.7|-55 43|
|ABELL2868 |01 06.4|-55 43|
|ABELL2858 |01 02.1|-55 43|
|ABELL3126 |03 28.7|-55 42|
|ABELL2833 |00 52.7|-55 41|
|ABELL251S |02 22.1|-55 40|
|ABELL3732 |21 01.5|-55 40|
|ABELL76S  |00 46.5|-55 37|
|ABELL3905 |22 45.0|-55 37|
|ABELL3938 |22 55.0|-55 34|
|ABELL981S |21 55.7|-55 34|
|ABELL599S |06 55.3|-55 32|
|ABELL95S  |00 53.9|-55 31|
|ABELL3040 |02 40.1|-55 25|
|ABELL372S |03 37.2|-55 25|
|ABELL1095S|23 11.5|-55 22|
|ABELL2831 |00 51.3|-55 22|
|ABELL3816 |21 50.4|-55 18|
|ABELL529S |05 25.4|-55 18|
|ABELL305S |02 52.0|-55 14|
|ABELL377S |03 40.7|-55 12|
|ABELL504S |04 55.1|-55 11|
|ABELL2787 |00 31.9|-55 11|
|ABELL87S  |00 50.9|-55 09|
|ABELL3869 |22 21.4|-55 07|
|ABELL3651 |19 52.2|-55 05|
|ABELL3144 |03 37.1|-55 01|
|ABELL3058 |02 50.3|-54 56|
|ABELL3718 |20 55.9|-54 55|
|ABELL3634 |18 59.0|-54 55|
|ABELL3708 |20 43.2|-54 54|
|ABELL806S |18 51.5|-54 51|
|ABELL1115S|23 22.0|-54 46|
|ABELL77S  |00 46.7|-54 44|
|ABELL3886 |22 31.7|-54 44|
|ABELL2933 |01 40.7|-54 33|
|ABELL520S |05 16.4|-54 31|
|ABELL935S |21 20.5|-54 28|
|ABELL3395 |06 27.5|-54 23|
|ABELL849S |20 09.1|-54 23|
|ABELL1102S|23 14.5|-54 19|
|ABELL3404 |06 45.5|-54 12|
|ABELL52S  |00 27.7|-54 11|
|ABELL145S |01 17.7|-54 10|
|ABELL3050 |02 45.7|-54 07|
|ABELL3067 |02 54.6|-54 06|
|ABELL1112S|23 19.3|-54 05|
|ABELL148S |01 18.7|-54 02|
|ABELL390S |03 47.0|-54 01|
|ABELL850S |20 10.0|-53 58|
|ABELL592S |06 38.9|-53 57|
|ABELL48S  |00 26.6|-53 56|
|ABELL1029S|22 29.7|-53 55|
|ABELL404S |03 56.4|-53 52|
|ABELL339S |03 19.3|-53 52|
|ABELL1132S|23 30.7|-53 52|
|ABELL2817 |00 45.7|-53 50|
|ABELL3170 |03 47.9|-53 49|
|ABELL463S |04 29.2|-53 49|
|ABELL399S |03 54.5|-53 48|
|ABELL877S |20 31.2|-53 41|
|ABELL3391 |06 26.3|-53 40|
|ABELL3202 |04 00.2|-53 39|
|ABELL3158 |03 43.0|-53 38|
|ABELL1128S|23 29.1|-53 38|
|ABELL1083S|23 03.4|-53 37|
|ABELL3785 |21 34.5|-53 37|
|ABELL66S  |00 40.8|-53 36|
|ABELL366S |03 34.9|-53 35|
|ABELL584S |06 23.0|-53 35|
|ABELL3819 |21 52.4|-53 33|
|ABELL3065 |02 52.8|-53 33|
|ABELL2762 |00 19.4|-53 32|
|ABELL3209 |04 02.7|-53 30|
|ABELL1079S|23 00.6|-53 30|
|ABELL3125 |03 27.4|-53 30|
|ABELL1072S|22 55.9|-53 30|
|ABELL2987 |02 12.5|-53 28|
|ABELL3850 |22 16.4|-53 24|
|ABELL2782 |00 30.3|-53 23|
|ABELL49S  |00 26.8|-53 21|
|ABELL3803 |21 45.9|-53 21|
|ABELL4005 |23 26.3|-53 20|
|ABELL2917 |01 29.7|-53 18|
|ABELL606S |07 57.7|-53 16|
|ABELL3643 |19 42.2|-53 16|
|ABELL930S |21 19.0|-53 12|
|ABELL3049 |02 45.5|-53 11|
|ABELL823S |19 39.5|-53 10|
|ABELL3665 |20 09.8|-53 10|
|ABELL1032S|22 31.6|-53 09|
|ABELL844S |20 07.4|-53 08|
|ABELL2779 |00 29.0|-53 06|
|ABELL3765 |21 27.2|-53 04|
|ABELL889S |20 40.0|-53 03|
|ABELL3965 |23 05.4|-53 01|
|ABELL295S |02 45.5|-53 01|
|ABELL2941 |01 45.0|-53 00|
|ABELL3675 |20 21.9|-52 56|
|ABELL839S |20 01.3|-52 55|
|ABELL3215 |04 04.5|-52 52|
|ABELL2754 |00 17.1|-52 48|
|ABELL3074 |02 57.9|-52 43|
|ABELL3911 |22 46.1|-52 43|
|ABELL3716 |20 51.5|-52 42|
|ABELL861S |20 18.8|-52 41|
|ABELL815S |19 30.4|-52 38|
|ABELL835S |19 58.5|-52 37|
|ABELL3851 |22 16.7|-52 35|
|ABELL845S |20 07.6|-52 34|
|ABELL3870 |22 21.9|-52 34|
|ABELL3663 |20 07.3|-52 33|
|ABELL3128 |03 30.2|-52 33|
|ABELL957S |21 35.6|-52 32|
|ABELL3864 |22 20.2|-52 28|
|ABELL1039S|22 34.9|-52 27|
|ABELL3872 |22 23.3|-52 26|
|ABELL811S |19 17.2|-52 25|
|ABELL3038 |02 37.9|-52 24|
|ABELL140S |01 13.4|-52 23|
|ABELL3193 |03 58.2|-52 20|
|ABELL4034 |23 46.7|-52 18|
|ABELL4018 |23 35.4|-52 18|
|ABELL1100S|23 13.6|-52 17|
|ABELL3660 |20 05.8|-52 16|
|ABELL338S |03 18.2|-52 15|
|ABELL110S |00 57.5|-52 15|
|ABELL326S |03 09.8|-52 14|
|ABELL3397 |06 29.6|-52 14|
|ABELL956S |21 34.7|-52 13|
|ABELL63S  |00 35.8|-52 11|
|ABELL2805 |00 39.5|-52 10|
|ABELL3993 |23 20.1|-52 07|
|ABELL817S |19 31.4|-52 04|
|ABELL3793 |21 39.4|-52 04|
|ABELL3915 |22 47.6|-52 03|
|ABELL3385 |06 17.7|-52 01|
|ABELL3123 |03 23.0|-52 01|
|ABELL3653 |19 52.6|-52 01|
|ABELL3777 |21 32.8|-52 01|
|ABELL55S  |00 28.3|-51 59|
|ABELL828S |19 47.4|-51 57|
|ABELL906S |20 52.4|-51 57|
|ABELL308S |02 54.3|-51 55|
|ABELL54S  |00 28.3|-51 53|
|ABELL2795 |00 36.8|-51 53|
|ABELL116S |01 01.7|-51 51|
|ABELL580S |06 16.2|-51 51|
|ABELL3078 |03 00.5|-51 50|
|ABELL1088S|23 08.6|-51 50|
|ABELL3836 |22 09.4|-51 49|
|ABELL2997 |02 15.7|-51 49|
|ABELL16S  |00 12.8|-51 48|
|ABELL1107S|23 17.5|-51 48|
|ABELL3999 |23 22.8|-51 47|
|ABELL3922 |22 49.7|-51 46|
|ABELL325S |03 09.8|-51 40|
|ABELL395S |03 48.7|-51 39|
|ABELL152S |01 20.9|-51 37|
|ABELL47S  |00 26.4|-51 37|
|ABELL2996 |02 14.8|-51 37|
|ABELL375S |03 40.4|-51 36|
|ABELL968S |21 45.6|-51 36|
|ABELL147S |01 18.1|-51 35|
|ABELL3849 |22 15.9|-51 33|
|ABELL801S |18 27.5|-51 32|
|ABELL2861 |01 04.4|-51 32|
|ABELL3692 |20 34.8|-51 30|
|ABELL3163 |03 45.7|-51 30|
|ABELL2900 |01 21.0|-51 29|
|ABELL3077 |02 59.9|-51 27|
|ABELL3045 |02 43.6|-51 27|
|ABELL479S |04 37.8|-51 26|
|ABELL442S |04 20.3|-51 26|
|ABELL353S |03 26.4|-51 24|
|ABELL1017S|22 23.2|-51 24|
|ABELL3796 |21 39.5|-51 23|
|ABELL162S |01 31.7|-51 20|
|ABELL3120 |03 21.9|-51 19|
|ABELL14S  |00 12.1|-51 19|
|ABELL936S |21 20.8|-51 19|
|ABELL871S |20 26.0|-51 18|
|ABELL3303 |05 01.0|-51 16|
|ABELL532S |05 26.9|-51 15|
|ABELL330S |03 13.1|-51 14|
|ABELL13S  |00 10.9|-51 12|
|ABELL1118S|23 24.3|-51 11|
|ABELL132S |01 10.1|-51 09|
|ABELL501S |04 50.1|-51 07|
|ABELL250S |02 22.3|-51 06|
|ABELL3131 |03 31.6|-51 03|
|ABELL315S |02 59.2|-51 01|
|ABELL307S |02 54.0|-50 58|
|ABELL2839 |00 54.2|-50 58|
|ABELL3639 |19 28.0|-50 56|
|ABELL3110 |03 16.5|-50 54|
|ABELL125S |01 06.4|-50 53|
|ABELL821S |19 35.0|-50 52|
|ABELL2893 |01 17.1|-50 52|
|ABELL4022 |23 38.4|-50 51|
|ABELL3771 |21 29.5|-50 48|
|ABELL433S |04 14.5|-50 47|
|ABELL222S |02 05.9|-50 47|
|ABELL275S |02 31.9|-50 45|
|ABELL669S |11 32.1|-50 44|
|ABELL884S |20 35.8|-50 40|
|ABELL2834 |00 52.9|-50 36|
|ABELL518S |05 15.4|-50 34|
|ABELL461S |04 28.2|-50 32|
|ABELL2854 |01 00.8|-50 31|
|ABELL475S |04 36.1|-50 30|
|ABELL533S |05 29.1|-50 29|
|ABELL3843 |22 11.9|-50 29|
|ABELL2776 |00 26.2|-50 25|
|ABELL565S |06 05.6|-50 24|
|ABELL1073S|22 56.0|-50 21|
|ABELL3331 |05 15.2|-50 20|
|ABELL2738 |00 12.6|-50 19|
|ABELL4030 |23 45.2|-50 19|
|ABELL283S |02 35.5|-50 18|
|ABELL912S |20 59.7|-50 18|
|ABELL3868 |22 21.2|-50 18|
|ABELL2827 |00 50.7|-50 16|
|ABELL2777 |00 27.2|-50 15|
|ABELL2808 |00 40.5|-50 14|
|ABELL374S |03 40.2|-50 13|
|ABELL602S |07 09.5|-50 09|
|ABELL407S |03 58.6|-50 07|
|ABELL2818 |00 45.8|-50 07|
|ABELL989S |22 04.4|-50 04|
|ABELL2790 |00 33.8|-50 04|
|ABELL3020 |02 27.3|-50 02|
|ABELL3002 |02 18.2|-50 02|
|ABELL3817 |21 51.2|-50 00|
|ABELL3403 |06 41.9|-49 59|
|ABELL1139S|23 38.5|-49 59|
|ABELL2912 |01 26.8|-49 59|
|ABELL74S  |00 45.7|-49 56|
|ABELL525S |05 21.5|-49 56|
|ABELL3350 |05 30.6|-49 55|
|ABELL101S |00 55.5|-49 55|
|ABELL2753 |00 16.3|-49 51|
|ABELL358S |03 32.3|-49 48|
|ABELL2959 |01 58.3|-49 47|
|ABELL3402 |06 41.7|-49 46|
|ABELL601S |07 01.1|-49 44|
|ABELL115S |01 01.7|-49 42|
|ABELL866S |20 21.8|-49 42|
|ABELL3326 |05 12.8|-49 41|
|ABELL551S |05 50.7|-49 40|
|ABELL1074S|22 58.1|-49 40|
|ABELL4025 |23 39.8|-49 38|
|ABELL477S |04 36.9|-49 37|
|ABELL329S |03 12.6|-49 37|
|ABELL1124S|23 27.2|-49 36|
|ABELL3750 |21 14.0|-49 35|
|ABELL277S |02 33.4|-49 34|
|ABELL317S |03 01.9|-49 33|
|ABELL3015 |02 25.0|-49 32|
|ABELL3271 |04 33.1|-49 32|
|ABELL3306 |05 02.5|-49 31|
|ABELL3380 |06 07.0|-49 29|
|ABELL3311 |05 04.2|-49 28|
|ABELL531S |05 26.9|-49 27|
|ABELL310S |02 54.7|-49 27|
|ABELL130S |01 09.1|-49 27|
|ABELL99S  |00 55.2|-49 26|
|ABELL2880 |01 10.9|-49 20|
|ABELL346S |03 22.4|-49 19|
|ABELL3264 |04 31.5|-49 18|
|ABELL3766 |21 27.2|-49 15|
|ABELL534S |05 30.9|-49 14|
|ABELL2764 |00 20.5|-49 13|
|ABELL124S |01 06.0|-49 13|
|ABELL313S |02 57.0|-49 12|
|ABELL3408 |07 08.5|-49 12|
|ABELL3406 |06 58.3|-49 12|
|ABELL3337 |05 22.1|-49 11|
|ABELL604S |07 17.7|-49 09|
|ABELL3030 |02 30.7|-49 08|
|ABELL187S |01 44.9|-49 08|
|ABELL457S |04 26.9|-49 07|
|ABELL360S |03 33.3|-49 07|
|ABELL3317 |05 07.3|-49 07|
|ABELL129S |01 08.8|-49 06|
|ABELL1143S|23 44.9|-49 06|
|ABELL81S  |00 48.3|-49 06|
|ABELL808S |19 00.7|-49 05|
|ABELL3407 |07 05.0|-49 04|
|ABELL3863 |22 20.0|-49 04|
|ABELL3330 |05 14.7|-49 03|
|ABELL3302 |05 00.7|-49 02|
|ABELL3280 |04 37.9|-48 59|
|ABELL2918 |01 30.1|-48 57|
|ABELL2841 |00 55.1|-48 56|
|ABELL3839 |22 10.5|-48 55|
|ABELL3085 |03 03.8|-48 55|
|ABELL3877 |22 26.3|-48 54|
|ABELL2886 |01 14.1|-48 53|
|ABELL3228 |04 11.1|-48 51|
|ABELL3113 |03 17.8|-48 49|
|ABELL1085S|23 04.8|-48 49|
|ABELL931S |21 19.1|-48 48|
|ABELL204S |01 55.3|-48 48|
|ABELL3060 |02 51.6|-48 41|
|ABELL234S |02 13.8|-48 40|
|ABELL149S |01 20.1|-48 37|
|ABELL3179 |03 52.3|-48 36|
|ABELL3841 |22 11.4|-48 35|
|ABELL3009 |02 22.1|-48 34|
|ABELL2830 |00 51.2|-48 34|
|ABELL431S |04 12.8|-48 32|
|ABELL876S |20 29.2|-48 31|
|ABELL3283 |04 41.1|-48 30|
|ABELL2889 |01 14.8|-48 30|
|ABELL3399 |06 37.3|-48 29|
|ABELL1082S|23 03.2|-48 28|
|ABELL2863 |01 05.0|-48 28|
|ABELL455S |04 26.1|-48 27|
|ABELL3057 |02 49.2|-48 24|
|ABELL851S |20 09.9|-48 23|
|ABELL3820 |21 52.5|-48 23|
|ABELL650S |11 04.8|-48 17|
|ABELL2998 |02 16.3|-48 16|
|ABELL3338 |05 22.6|-48 16|
|ABELL3987 |23 16.8|-48 16|
|ABELL78S  |00 47.5|-48 14|
|ABELL878S |20 31.2|-48 14|
|ABELL4076 |00 01.8|-48 14|
|ABELL218S |02 01.7|-48 14|
|ABELL3090 |03 08.4|-48 13|
|ABELL3883 |22 30.1|-48 10|
|ABELL1044S|22 36.8|-48 10|
|ABELL3361 |05 40.9|-48 09|
|ABELL92S  |00 53.4|-48 09|
|ABELL341S |03 20.1|-48 06|
|ABELL542S |05 45.0|-48 05|
|ABELL3818 |21 51.4|-48 02|
|ABELL945S |21 26.3|-48 01|
|ABELL3004 |02 18.9|-48 00|
|ABELL1110S|23 19.0|-47 59|
|ABELL3363 |05 45.1|-47 56|
|ABELL135S |01 10.9|-47 53|
|ABELL419S |04 06.0|-47 50|
|ABELL230S |02 11.9|-47 50|
|ABELL3845 |22 14.5|-47 49|
|ABELL239S |02 16.8|-47 49|
|ABELL3345 |05 27.0|-47 49|
|ABELL86S  |00 50.0|-47 48|
|ABELL3055 |02 48.3|-47 48|
|ABELL3100 |03 13.8|-47 47|
|ABELL117S |01 01.8|-47 45|
|ABELL3316 |05 06.9|-47 45|
|ABELL3876 |22 26.3|-47 44|
|ABELL290S |02 39.6|-47 43|
|ABELL1089S|23 09.2|-47 42|
|ABELL173S |01 36.8|-47 40|
|ABELL670S |11 37.4|-47 38|
|ABELL642S |10 42.9|-47 37|
|ABELL569S |06 09.6|-47 37|
|ABELL3108 |03 15.2|-47 37|
|ABELL3348 |05 28.2|-47 37|
|ABELL503S |04 51.5|-47 37|
|ABELL3072 |02 57.3|-47 36|
|ABELL2836 |00 53.7|-47 36|
|ABELL142S |01 14.3|-47 35|
|ABELL3352 |05 32.3|-47 33|
|ABELL1153S|23 49.3|-47 31|
|ABELL59S  |00 30.6|-47 31|
|ABELL3834 |22 05.8|-47 31|
|ABELL292S |02 44.7|-47 29|
|ABELL1108S|23 18.0|-47 27|
|ABELL495S |04 43.1|-47 26|
|ABELL547S |05 48.2|-47 25|
|ABELL3745 |21 07.7|-47 24|
|ABELL3093 |03 10.9|-47 23|
|ABELL3792 |21 38.0|-47 23|
|ABELL3349 |05 29.6|-47 23|
|ABELL85S  |00 49.9|-47 22|
|ABELL3346 |05 27.3|-47 21|
|ABELL324S |03 10.0|-47 19|
|ABELL150S |01 20.5|-47 19|
|ABELL62S  |00 34.9|-47 19|
|ABELL853S |20 10.9|-47 12|
|ABELL267S |02 27.1|-47 12|
|ABELL3343 |05 25.9|-47 12|
|ABELL924S |21 07.9|-47 10|
|ABELL543S |05 46.0|-47 10|
|ABELL2713 |00 02.6|-47 09|
|ABELL3347 |05 27.6|-47 08|
|ABELL3742 |21 06.7|-47 08|
|ABELL2988 |02 12.9|-47 07|
|ABELL3811 |21 47.7|-47 06|
|ABELL3798 |21 40.0|-47 06|
|ABELL420S |04 06.2|-47 06|
|ABELL3130 |03 31.6|-47 05|
|ABELL557S |05 57.5|-47 05|
|ABELL959S |21 37.5|-47 02|
|ABELL3720 |20 56.6|-47 01|
|ABELL3071 |02 56.9|-46 59|
|ABELL1147S|23 46.4|-46 58|
|ABELL802S |18 27.9|-46 56|
|ABELL655S |11 10.8|-46 55|
|ABELL2870 |01 07.7|-46 54|
|ABELL2914 |01 28.5|-46 53|
|ABELL1037S|22 34.1|-46 52|
|ABELL3725 |20 58.7|-46 52|
|ABELL2835 |00 53.0|-46 51|
|ABELL50S  |00 27.2|-46 49|
|ABELL3204 |04 01.4|-46 48|
|ABELL321S |03 05.3|-46 46|
|ABELL3673 |20 20.8|-46 45|
|ABELL4075 |00 01.1|-46 44|
|ABELL3254 |04 25.5|-46 44|
|ABELL328S |03 12.7|-46 43|
|ABELL3589 |14 15.7|-46 42|
|ABELL673S |11 40.3|-46 41|
|ABELL689S |12 11.1|-46 40|
|ABELL96S  |00 54.8|-46 39|
|ABELL939S |21 21.4|-46 36|
|ABELL505S |04 58.1|-46 36|
|ABELL3925 |22 51.8|-46 35|
|ABELL4073 |00 00.7|-46 33|
|ABELL335S |03 17.1|-46 31|
|ABELL971S |21 46.2|-46 31|
|ABELL3247 |04 21.2|-46 28|
|ABELL3047 |02 45.2|-46 27|
|ABELL1169S|00 00.8|-46 24|
|ABELL3255 |04 27.2|-46 24|
|ABELL2752 |00 16.3|-46 23|
|ABELL438S |04 18.7|-46 22|
|ABELL822S |19 37.6|-46 22|
|ABELL2743 |00 14.0|-46 21|
|ABELL3937 |22 54.3|-46 21|
|ABELL3632 |18 39.7|-46 19|
|ABELL3059 |02 51.0|-46 18|
|ABELL1066S|22 50.2|-46 16|
|ABELL2916 |01 29.0|-46 15|
|ABELL3236 |04 14.2|-46 12|
|ABELL2937 |01 43.5|-46 12|
|ABELL639S |10 40.6|-46 11|
|ABELL398S |03 54.8|-46 08|
|ABELL468S |04 31.7|-46 06|
|ABELL3252 |04 23.7|-46 06|
|ABELL654S |11 10.7|-46 04|
|ABELL3279 |04 37.9|-46 04|
|ABELL526S |05 23.2|-46 03|
|ABELL3400 |06 40.8|-46 02|
|ABELL1060S|22 46.7|-46 01|
|ABELL2905 |01 23.1|-46 01|
|ABELL3802 |21 45.7|-46 01|
|ABELL974S |21 48.2|-46 01|
|ABELL3910 |22 45.9|-45 59|
|ABELL1140S|23 39.5|-45 58|
|ABELL356S |03 29.6|-45 58|
|ABELL3862 |22 20.0|-45 56|
|ABELL3133 |03 32.7|-45 56|
|ABELL3246 |04 21.1|-45 55|
|ABELL2877 |01 09.8|-45 54|
|ABELL155S |01 24.6|-45 54|
|ABELL446S |04 23.0|-45 53|
|ABELL3234 |04 13.5|-45 53|
|ABELL3270 |04 33.0|-45 50|
|ABELL3831 |22 03.3|-45 49|
|ABELL3749 |21 10.2|-45 48|
|ABELL681S |11 56.1|-45 47|
|ABELL456S |04 26.7|-45 46|
|ABELL3952 |23 00.2|-45 46|
|ABELL2825 |00 48.5|-45 45|
|ABELL3111 |03 17.8|-45 44|
|ABELL824S |19 40.4|-45 38|
|ABELL5S   |00 04.6|-45 37|
|ABELL928S |21 18.0|-45 36|
|ABELL3235 |04 14.1|-45 33|
|ABELL345S |03 21.8|-45 32|
|ABELL393S |03 48.3|-45 32|
|ABELL3314 |05 05.8|-45 29|
|ABELL3648 |19 44.0|-45 28|
|ABELL3754 |21 15.4|-45 28|
|ABELL1002S|22 12.2|-45 28|
|ABELL3104 |03 14.3|-45 24|
|ABELL933S |21 19.6|-45 23|
|ABELL486S |04 40.2|-45 21|
|ABELL3036 |02 36.9|-45 21|
|ABELL1067S|22 50.7|-45 20|
|ABELL3322 |05 10.6|-45 19|
|ABELL3953 |23 00.3|-45 18|
|ABELL738S |13 38.0|-45 18|
|ABELL3359 |05 37.5|-45 18|
|ABELL1052S|22 39.6|-45 18|
|ABELL3757 |21 18.6|-45 14|
