VI Cyg 12	|	20 32 40.96	|	+41 14 29.28
GRS 79.29+0.46	|	20 31 42.28	|	+40 21 59.13
Pistol Star	|	17 46 15.24	|	-28 50 03.58
HD 168625	|	18 21 19.55	|	-16 22 26.06
zet01 Sco	|	16 53 59.73	|	-42 21 43.31
HD 326823	|	17 06 53.91	|	-42 36 39.74
HD 316285	|	17 48 14.04	|	-28 00 53.13
Hen 3-519	|	10 53 59.59	|	-60 26 44.31
HD 80077	|	09 15 54.79	|	-49 58 24.58
AS 314	|	18 39 26.11	|	-13 50 47.19
MWC 314	|	19 21 33.97	|	+14 52 56.89
GRS 25.5+0.2	|	18 37 05.21	|	-06 29 38.0
GAL 026.47+00.02	|	18 39 32.24	|	-05 44 20.5
WRAY 17-96	|	17 41 35.45	|	-30 06 38.8
WR102ka	|	17 46 18.12	|	-29 01 36.6
NAME lBV 1806-20	|	18 08 40.31	|	-20 24 41.1
NAME Sher 25 star	|	11 15 07.8	|	-61 15 17
[OMN2000] LS1	|	19 23 47.64	|	+14 36 38.4
GCIRS 16NE	|	17 45 40.26	|	-29 00 27.09
GCIRS 16C	|	17 45 40.13	|	-29 00 27.64
GCIRS 16SW	|	17 45 40.12	|	-29 00 29.06
GCIRS 16NW	|	17 45 40.05	|	-29 00 26.87
GCIRS 33SE	|	17 45 40.02	|	-29 00 31.0
2MASS J15484207-5507422	|	15 48 42.07	|	-55 07 42.21
2MASS J16290377-4746264	|	16 29 03.78	|	-47 46 26.48
2MASS J16364278-4656207	|	16 36 42.78	|	-46 56 20.73
2MASS J17082913-3925076	|	17 08 29.14	|	-39 25 07.68
2MASS J17110094-3945174	|	17 11 00.94	|	-39 45 17.45
2MASS J18415965-0515409	|	18 41 59.65	|	-05 15 40.93
2MASS J16431636-4600424	|	16 43 16.37	|	-46 00 42.42
2MASS J16493770-4535592	|	16 49 37.70	|	-45 35 59.27
2MASS J17435981-3028384	|	17 43 59.85	|	-30 28 38.5
2MASS J18133121-1856431	|	18 13 31.21	|	-18 56 43.20
2MASS J19325284+1742303	|	19 32 52.85	|	+17 42 30.33
2MASS J19443759+2419058c	|	19 44 37.60	|	+24 19 05.87
2MASS J16313781-4814553	|	16 31 37.82	|	-48 14 55.30
2MASS J16461734-4508478	|	16 46 17.35	|	-45 08 47.85
2MASS J17374754-3137333d	|	17 37 47.54	|	-31 37 33.38
2MASS J17374730-3137370d	|	17 37 47.31	|	-31 37 37.07
2MASS J17421401-2955360	|	17 42 14.02	|	-29 55 36.06
2MASS J18022233-2238002	|	18 02 22.34	|	-22 38 00.24
2MASS J18455593-0308297	|	18 45 55.94	|	-03 08 29.72
2MASS J18510295-0058242	|	18 51 02.95	|	-00 58 24.21
2MASS J18070516-2015163	|	18 07 05.17	|	-20 15 16.31
2MASS J19011669+0355108	|	19 01 16.69	|	+03 55 10.81
MN13	|	13 42 33.08	|	-62 48 11.3
MN39	|	16 10 26.55	|	-51 21 25.3
MN41	|	16 26 34.28	|	-50 21 01.9
MN53	|	17 09 24.78	|	-40 08 45.6
MN79	|	18 28 33.41	|	-11 46 44.2
MN101	|	19 06 24.54	|	+08 22 01.6
MN107	|	19 24 03.34	|	+13 39 49.4
MN46	|	16 43 16.37	|	-46 00 42.4
MN83	|	18 39 23.01	|	-05 53 19.9
eta Car	|	10 45 3.59	|	-59 41 04.26
P Cyg	|	20 17 47.2	|	+38 01 58.55
HD 168607	|	18 21 14.89	|	-16 22 31.76
AG Car	|	10 56 11.58	|	-60 27 12.81
HR Car	|	10 22 53.84	|	-59 37 28.38
HD 160529	|	17 41 59.03	|	-33 30 13.71
WRAY 15-751	|	11 08 40.06	|	-60 42 51.7
qF 362	|	17 46 17.98	|	-28 49 03.46
AFGL 2298	|	19 00 10.89	|	+03 45 47.1
GAL 024.73+00.69	|	18 33 55.29	|	-06 58 38.7
Cl* Westerlund 1 W 243	|	16 47 07.50	|	-45 52 29.16
GCIRS 34W	|	17 45 39.73	|	-29 00 26.5
